0
-1.14
-1.14
-1.14
-1.14
-1.26
-1.03
-1.03
-1.26
-1.37
-1.49
-1.26
-1.03
-1.14
-1.37
-1.83
-1.83
-1.71
-1.71
-1.49
-1.26
-1.14
-1.37
-1.94
-2.06
-2.06
-2.06
-2.06
-1.94
-2.06
-2.17
-2.06
-2.06
-1.94
-2.06
-2.06
-1.94
-1.26
-1.14
-0.91
-0.8
-0.91
-0.91
-0.8
-0.69
-0.69
-0.23
-0.23
0
0.34
0.23
0.11
0.23
0.11
0.34
0.34
0
-0.11
-0.34
-0.11
0.11
0.23
0.46
0.46
0.69
0.23
0.34
0.34
0.57
0.69
0.69
0.69
0.57
0.57
0.57
0.46
0.57
0.69
0.91
1.14
1.26
1.71
1.83
1.94
1.6
1.49
1.37
1.49
1.49
1.71
1.6
1.49
1.37
1.37
1.83
1.71
1.6
1.6
1.94
2.17
2.29
2.4
2.4
2.17
2.17
2.29
2.29
2.74
2.74
2.51
2.29
2.63
2.51
1.83
1.94
1.83
1.83
2.29
2.06
2.17
2.06
2.51
2.63
2.51
2.51
2.4
3.09
2.86
2.17
2.29
2.63
2.74
2.4
2.51
2.51
2.74
2.63
3.2
3.09
3.09
3.66
3.43
3.77
3.77
4
4.46
4.23
4.8
4.92
4.8
5.03
5.03
5.14
5.03
4.57
4.57
4.69
4.69
4.69
4.92
4.8
4.8
4.57
4.46
4.23
4.23
4.34
4.23
4.23
4.12
4
3.89
3.89
3.77
3.77
3.66
3.43
3.2
2.97
3.2
3.2
2.86
2.74
2.74
2.86
2.63
2.51
2.51
2.63
2.51
2.51
2.29
2.51
2.63
1.94
1.83
1.83
1.83
1.83
1.71
1.71
1.83
1.71
1.6
1.49
1.49
1.6
2.17
2.17
1.83
1.6
1.71
1.94
2.17
2.51
2.63
2.51
2.51
2.29
2.51
2.51
2.74
2.86
2.97
3.09
3.2
3.09
3.32
2.86
3.09
3.2
2.97
3.2
3.2
3.32
3.54
3.54
1.94
1.94
0.57
0.91
1.03
1.14
1.37
1.6
1.14
1.14
1.26
1.37
1.83
1.83
1.37
1.6
1.71
1.83
1.83
1.83
1.71
1.71
1.94
1.83
1.6
1.49
1.94
2.17
1.94
1.83
1.83
1.6
1.6
1.6
1.83
1.83
1.6
1.37
1.6
1.94
1.83
1.6
1.49
1.49
1.49
1.71
1.83
1.83
1.6
1.14
1.03
1.14
1.83
1.71
1.94
2.4
2.4
2.4
2.51
2.51
2.63
2.63
2.17
2.06
1.83
1.83
1.71
1.6
1.71
1.6
1.6
1.6
1.37
2.51
2.97
2.97
2.97
2.86
2.86
3.2
2.97
2.86
2.86
2.86
4.23
4.34
4.23
4.23
4.46
4.23
4.34
4.34
4.69
4.46
5.26
5.03
5.37
4.69
4.57
4.34
4.46
4.57
4.23
4.12
4.12
4
3.89
3.89
4
3.77
3.77
3.89
3.66
3.66
3.32
3.66
3.77
3.32
3.09
3.32
3.2
2.97
2.86
2.86
2.51
2.17
1.6
1.26
1.03
1.03
0.91
0.69
0.8
0.46
0.23
0
0.23
0.23
0
-0.57
-0.91
-1.03
-1.03
-0.8
-0.91
-0.91
-1.49
-1.71
-1.6
-1.83
-1.83
-1.49
-1.71
-1.37
-1.49
-1.26
-1.37
-1.26
-1.37
-1.03
-0.91
-1.03
-1.26
-1.03
-1.14
-1.26
-0.57
-0.57
-0.57
-0.34
-0.69
-0.46
-0.57
-0.69
-0.57
-0.57
-0.69
-0.69
-0.8
-0.91
-1.14
-1.37
-1.26
-1.37
-1.6
-2.06
-1.83
-1.94
-2.86
-2.29
-2.17
-2.29
-2.29
-2.06
-1.83
-1.6
-1.6
-1.49
-1.49
-0.8
-1.49
-1.14
-1.14
-0.91
-1.03
-0.69
-1.03
-1.49
-2.06
-2.4
-2.51
-2.51
-2.63
-2.4
-2.4
-1.94
-2.17
-2.29
-2.17
-1.83
-1.83
-1.6
-1.37
-1.49
-1.71
-1.83
-1.71
-1.49
-1.49
-1.37
-1.37
-1.14
-1.26
-1.6
-1.83
-1.83
-1.83
-1.94
-1.83
-1.71
-1.71
-1.71
-1.6
-1.71
-1.26
-1.49
-1.37
-1.37
-1.37
-1.6
-0.8
-0.23
0.11
-0.23
-0.46
-0.34
-0.34
-0.34
-0.23
-0.8
-0.91
-1.26
-1.49
-1.83
-1.71
-1.71
-1.83
-1.71
-1.83
-2.06
-1.94
-1.94
-2.17
-2.06
-1.94
-2.06
-2.06
-2.17
-2.29
-2.29
-1.94
-1.83
-1.6
-1.49
-1.49
-1.14
-1.14
-1.03
-0.91
-1.26
-1.6
-1.6
-1.49
-1.49
-1.6
-1.6
-1.26
-1.37
-1.14
-0.91
-0.8
-0.34
-0.23
-0.11
-0.11
-0.69
-0.57
-0.46
-0.57
-0.34
-0.34
-0.11
-0.11
0.23
0.11
0.46
0.8
1.03
1.37
1.03
1.37
1.71
1.14
1.37
1.26
1.26
1.26
1.03
1.26
1.71
1.94
2.4
2.06
1.71
2.06
1.94
1.71
1.26
1.26
1.26
1.26
1.14
1.26
1.26
1.6
1.83
1.83
1.71
1.6
1.83
1.6
1.26
1.14
1.03
0.91
0.8
1.03
1.94
1.94
2.29
2.29
2.29
2.4
2.51
2.4
2.63
2.51
2.4
2.4
2.63
2.51
2.51
2.63
2.51
2.51
2.63
2.74
2.51
2.86
2.86
3.09
2.97
2.74
2.63
2.63
2.74
2.51
2.63
2.4
2.51
2.51
2.63
2.86
2.97
2.86
2.86
3.32
3.32
3.43
3.43
3.43
3.54
3.2
3.2
3.09
3.09
2.74
2.51
2.63
2.29
2.4
2.63
2.86
2.63
2.86
2.86
3.2
3.2
3.43
3.54
3.54
3.43
3.43
4.23
4.12
4
3.89
4.12
4.34
4.23
4.23
4.34
4.69
4.46
4.46
4.34
4.46
4.57
4.34
4.23
4.12
4.23
4.23
4.46
4.69
4.57
4.57
4.57
5.03
4.8
4.57
4.57
4.57
4.57
4.34
4.46
4.34
4.46
4.57
4.46
4.34
4.23
4.34
4.23
4.23
4.23
4.23
4.23
4.23
4
4
4
3.89
3.89
3.66
3.77
3.89
4.12
4.23
4.34
4.23
4.34
4.34
4.23
4.12
3.89
3.89
3.66
3.54
3.43
3.43
3.43
4
3.66
3.89
4.23
4
3.89
3.89
3.89
4
4
4.23
4
4.12
4.34
4.12
4.12
4.34
4.46
4.69
4.57
4.57
4.69
4.12
3.89
3.54
3.43
3.43
3.54
3.43
3.66
3.89
3.77
4
4
4
3.89
3.77
3.66
3.89
3.89
3.77
3.77
3.89
3.77
3.89
3.77
3.77
2.97
2.97
2.97
2.74
2.86
2.97
3.54
3.09
2.97
2.74
2.74
2.97
2.74
2.74
2.74
2.86
2.86
2.86
2.74
2.51
2.74
2.86
2.51
2.74
2.97
2.74
2.86
2.74
2.51
2.51
2.86
2.97
2.97
3.2
2.86
2.97
3.09
2.97
2.86
3.2
2.74
2.86
3.2
3.09
3.09
3.2
3.43
3.43
3.32
3.32
3.2
3.89
4
4
3.89
4.23
4.12
4.23
4.23
4.23
4.23
4.23
4
3.77
4.12
4
4.12
4
4.12
4.12
4.12
4
4.23
4.57
4.46
4.34
4.23
4.12
4.46
4.46
4.23
4.23
4.34
4.23
4.34
4.12
4.23
4.23
4.34
4.46
4.34
4.12
4.12
4.34
4.57
4.57
4.8
4.8
4.69
4.46
4.57
4.46
4.92
4.69
4.8
4.69
4.69
4.8
4.69
4.92
5.14
5.37
5.37
5.37
5.6
5.83
6.06
5.83
5.72
5.72
6.29
6.97
6.86
6.63
6.17
6.06
5.72
5.83
6.06
6.17
5.37
5.03
4.69
4.12
4.12
4.34
4.57
4.57
4.46
4.46
4.23
4.34
4.46
4.69
4.8
4.92
5.14
5.03
5.26
4.8
4.69
4.69
4.57
4.69
4.57
4.34
4.57
4.57
4.46
4.8
4.46
4.23
4.57
4.92
4.46
4.46
4.57
4.23
4.8
4.12
4.12
4.23
3.77
4
4.12
4.12
4.12
4.8
5.26
4.92
5.49
5.26
5.83
5.49
6.06
6.29
6.52
6.74
6.52
6.63
7.54
7.43
7.43
7.43
7.77
8.23
8.23
8.57
8.8
9.03
8.69
8.46
8.69
8.69
8.46
8.23
8.23
8.12
8.12
8.57
8.69
8.8
8.69
8.34
8.12
7.89
8
7.66
7.54
7.43
7.66
7.54
7.09
7.2
7.2
7.32
7.2
7.09
7.09
6.86
6.97
6.97
7.09
7.09
6.86
6.86
6.86
6.52
6.29
6.29
6.06
6.52
6.29
6.29
6.4
6.86
7.2
6.86
7.09
7.09
7.09
7.32
7.09
6.97
6.97
7.2
6.97
6.86
6.52
6.52
6.17
6.17
5.94
5.94
6.17
5.83
6.06
5.94
5.94
6.06
5.83
5.83
5.6
5.72
5.72
5.6
5.72
5.6
5.6
5.72
5.94
5.94
5.83
5.6
5.49
5.14
5.26
5.26
5.37
5.37
5.49
5.03
5.03
5.03
5.14
4.92
5.14
5.37
5.26
5.37
5.14
5.14
5.03
5.14
5.37
5.03
5.37
5.37
5.14
5.03
5.26
5.37
5.26
5.14
5.03
5.14
5.37
5.14
5.26
5.37
5.26
5.37
5.37
5.26
5.94
5.94
5.83
5.72
5.49
5.37
5.6
5.72
5.72
5.37
5.14
5.37
5.26
5.6
6.17
6.52
6.17
6.29
6.06
5.94
6.17
6.17
6.4
6.17
6.17
6.4
6.29
6.86
7.09
7.09
6.74
6.63
6.74
6.74
6.74
6.63
6.74
6.52
6.52
6.29
6.52
6.4
6.4
6.29
6.06
6.17
6.63
6.63
6.52
6.63
6.86
6.63
6.63
6.52
6.29
6.52
6.86
6.29
6.29
5.72
5.14
5.26
5.03
4.57
5.26
5.14
5.37
5.37
5.6
5.14
4.46
4.69
4.69
4.46
4.57
4.57
4.57
4.34
4.23
4.34
4.57
4.8
4.69
4.69
4.69
5.37
5.49
5.6
5.6
5.94
6.17
6.06
6.29
6.97
6.63
6.4
6.29
6.29
5.83
5.83
5.94
6.06
6.29
5.83
6.17
6.29
6.29
5.94
5.94
5.72
5.94
6.06
6.17
6.4
6.4
6.4
6.74
6.74
6.52
6.63
6.74
6.52
6.63
6.74
7.2
7.32
7.09
7.09
7.54
7.2
7.32
6.97
6.86
7.2
6.74
5.37
5.37
5.49
5.6
5.6
5.72
5.94
5.83
5.6
5.6
6.17
7.43
7.66
7.54
7.43
7.2
7.2
7.32
6.86
6.86
6.74
7.2
7.2
7.43
7.43
8
8.34
8.46
8.69
8.8
8.92
8.8
8.69
8.92
9.14
8.92
9.03
9.14
9.14
9.03
9.03
9.37
9.37
9.14
9.14
9.14
9.26
9.72
9.83
10.17
10.17
10.06
9.83
9.6
9.49
9.83
9.72
9.6
9.72
9.6
9.6
9.49
9.37
9.37
9.6
9.72
9.72
9.6
9.72
9.6
9.6
9.83
10.06
9.95
9.83
9.83
10.17
10.17
10.06
10.06
10.17
10.4
10.17
10.06
10.17
10.17
10.29
10.06
10.06
10.17
10.17
10.29
10.29
10.86
10.86
10.97
10.63
9.95
10.29
10.29
10.17
9.37
9.72
9.49
9.26
9.37
9.26
9.37
9.26
9.37
9.49
9.6
9.72
9.37
9.72
9.6
9.6
9.72
9.49
9.49
10.17
10.52
10.97
11.32
11.32
11.32
11.77
11.89
11.89
12
11.77
12
12
12.23
12.12
11.89
11.66
11.77
11.77
11.89
12.12
12.23
12
11.89
12
12.12
12.35
12.35
12.12
12.23
12.46
12.8
12.8
12.92
13.03
13.03
12.92
12.8
12.92
13.03
13.15
13.26
13.26
13.49
13.83
13.95
13.72
13.72
13.6
13.6
13.72
13.83
14.17
14.06
14.4
14.4
14.52
14.52
14.4
14.52
14.63
14.75
14.63
14.75
14.75
14.86
14.86
14.75
14.75
15.09
15.2
14.86
14.63
14.97
14.97
15.09
14.97
14.97
15.09
14.97
14.97
15.09
15.32
15.09
15.09
15.09
14.97
14.86
14.75
14.97
14.86
15.09
15.2
15.2
15.43
15.32
15.43
15.32
15.55
15.66
15.66
15.55
15.55
15.32
15.55
15.66
15.43
15.2
15.2
15.2
15.2
15.32
15.09
14.97
15.2
15.2
15.09
15.32
15.2
15.32
15.32
15.32
15.43
15.43
15.32
15.32
15.32
15.32
15.2
14.97
14.97
15.55
15.55
15.66
15.32
15.43
15.43
15.32
15.2
15.55
15.66
15.55
15.55
15.55
15.78
15.32
15.55
15.66
15.89
15.78
15.89
16.12
14.75
14.75
15.32
15.32
15.43
15.66
15.66
15.43
15.66
15.66
14.75
14.29
13.95
13.72
13.6
12.92
12.57
12.46
12
11.89
11.89
12.23
12.12
12
11.89
11.43
11.43
11.32
11.77
11.43
11.09
10.06
9.95
9.72
9.6
9.49
9.49
9.49
9.26
9.26
9.26
9.14
9.37
9.49
9.49
9.37
9.37
9.26
9.14
9.37
9.72
9.6
9.03
8.57
8.23
8.12
8.57
8.57
8.46
8.46
8.23
8.23
8.12
8
8.23
8.23
8.34
8.34
8.23
8.12
8.12
8.12
8.12
8.57
8.23
8.23
8.12
8.46
8.23
8.46
8.57
8
8.12
8.12
8
7.89
7.32
7.2
7.32
6.97
7.09
7.09
6.86
6.97
6.63
6.29
6.29
6.29
6.29
6.06
6.4
6.52
6.52
6.52
6.29
6.52
6.86
6.86
6.74
6.52
6.4
6.63
6.63
6.52
6.4
7.2
7.43
7.66
7.54
6.97
7.2
6.86
6.74
6.74
6.74
6.74
6.74
6.97
6.74
6.86
6.97
7.09
6.86
6.63
6.63
6.74
6.74
6.74
6.4
6.52
6.63
6.63
6.63
6.86
6.63
6.17
6.17
6.06
5.49
5.72
5.26
5.6
5.72
6.29
5.94
6.52
6.17
6.4
6.06
6.4
6.29
6.17
6.17
6.29
6.4
6.4
6.4
6.29
5.83
5.6
5.6
5.72
5.94
6.06
6.17
6.06
6.29
5.94
5.72
5.72
5.83
6.06
6.06
5.94
6.06
6.29
6.4
6.63
6.74
6.74
6.86
7.09
7.32
7.2
7.2
7.09
7.32
6.63
6.4
6.29
6.17
5.83
5.83
5.83
5.72
6.4
5.94
5.72
5.83
5.94
6.52
6.52
6.52
6.74
6.97
6.97
6.97
6.97
7.09
6.97
7.09
7.09
7.2
7.09
7.54
7.66
7.89
8
8
8
8
8
7.89
7.66
7.77
7.54
7.54
7.77
7.89
8.12
8.69
9.03
9.26
9.49
9.6
9.95
9.83
9.6
9.95
10.86
12.12
12.23
12.57
12.23
12.12
11.89
11.89
12
11.89
11.89
12.12
12.12
11.77
11.55
12.23
11.66
12.35
12.12
12
12.12
12.23
11.89
11.66
11.89
12.8
12.8
13.03
12.57
12.69
12.92
12.92
12.8
12.8
12.46
12.12
11.66
11.66
11.66
10.86
10.29
9.95
9.83
9.6
8.92
8.92
8.46
8.34
8.57
8
7.54
7.32
6.86
6.74
6.52
9.37
24.58
10.63
10.63
10.63
10.29
10.75
10.52
10.86
11.09
11.32
11.32
6.52
6.97
6.97
6.4
6.29
6.17
6.17
6.4
6.4
6.52
6.52
6.52
6.29
6.29
6.63
6.97
6.63
7.09
7.09
6.52
6.52
6.4
6.4
6.63
6.63
6.74
7.2
7.09
7.66
7.89
8.34
8.23
8.34
8.46
8.69
8.92
8.69
8.8
9.37
10.06
10.06
10.17
10.17
10.17
9.83
10.17
10.86
11.2
11.2
11.43
11.66
11.77
11.89
12.57
13.37
13.6
13.72
14.52
14.75
15.32
15.2
15.2
15.43
15.55
15.43
15.32
15.32
15.43
15.32
15.89
16
16
16
15.66
15.55
15.55
15.66
16
16.23
16.35
16.46
16.35
16.58
16.8
16.92
16.58
16.8
17.03
17.03
17.26
17.26
17.49
17.6
17.38
17.26
17.6
17.15
16.8
16.58
16.69
16.8
16.69
16.69
16.69
16.58
16.58
16.23
16.23
16.23
16.35
16.23
16.12
16.8
17.15
17.49
17.72
18.29
18.06
18.06
17.95
17.95
17.83
17.49
17.26
17.26
16.8
16.92
16.92
17.03
16.8
16.92
16.8
16.69
17.15
17.38
17.49
18.06
17.95
17.83
17.95
17.6
17.6
17.49
17.38
17.26
17.26
16.8
16.69
16.8
16.8
17.15
17.15
17.15
17.26
17.26
17.38
17.26
17.03
16.8
16.35
16
16.12
15.43
14.86
14.52
14.52
14.52
14.63
14.52
13.95
13.95
13.49
13.6
13.26
13.37
13.6
13.26
13.6
13.49
13.37
13.72
13.6
13.26
13.03
13.37
13.49
13.15
13.37
13.37
13.6
13.49
13.26
13.15
13.37
13.26
13.15
13.37
13.26
13.26
13.15
12.92
12.69
13.03
12.92
12.8
12.57
12.46
12.46
12.57
12.46
12.57
12.35
12.57
12.23
11.89
11.77
11.89
11.77
11.89
11.55
11.2
11.2
10.97
11.32
11.2
11.32
11.32
11.2
11.32
11.55
11.43
11.32
11.2
11.2
11.09
11.09
11.09
11.32
11.2
11.43
11.43
11.66
11.66
12
12.12
12.23
12.23
12.12
11.89
11.89
11.89
11.89
12.35
11.77
11.77
12.12
12.23
12.35
12.46
12.46
12.57
12.57
12.8
12.8
12.35
12.46
12.23
12.35
12.12
12.46
12.57
12.8
12.8
13.03
12.92
13.03
12.92
13.03
13.15
13.15
12.8
12.69
13.26
13.15
13.15
13.26
13.26
13.37
13.26
13.26
13.03
12.92
12.92
12.92
13.15
13.03
13.03
12.69
12.69
12.12
12
11.89
11.89
11.77
11.43
11.43
11.43
11.2
10.86
11.32
11.55
11.09
11.2
11.09
11.2
10.86
10.97
11.09
10.97
10.97
10.97
10.97
11.09
11.2
11.32
11.43
11.66
11.77
11.66
11.55
11.66
11.55
11.43
11.55
11.55
11.77
12.12
12.12
12.35
12.8
12.69
12.57
12.8
12.8
12.92
13.03
13.03
12.8
12.92
13.03
12.92
13.15
13.15
13.03
13.26
13.49
13.26
13.49
13.6
13.37
13.6
13.6
13.72
13.72
14.06
14.06
14.4
14.4
14.29
14.52
14.06
14.17
14.17
14.17
14.06
14.29
14.29
14.29
14.29
13.6
13.15
12.69
12.92
13.03
13.03
12.92
12.92
12.92
13.15
13.15
13.26
13.37
13.37
13.49
13.6
13.6
13.6
13.49
13.49
13.72
13.26
13.15
13.15
12.92
12.8
13.15
12.92
12.92
13.26
12.92
13.26
13.37
13.15
13.03
12.92
13.26
13.26
13.03
12.12
11.89
11.77
11.89
12.12
12
12
12
11.89
12.12
12.23
12.23
12.23
12.12
12.12
12
12.12
12.12
12
11.89
11.66
12.12
12
12.12
11.89
11.77
12
12
12.23
12.35
12.35
12.23
12.12
12.35
11.77
11.32
11.09
10.86
10.75
10.86
10.97
10.75
11.09
11.32
12
12
12.12
12.12
11.89
11.55
10.97
10.63
10.52
10.17
9.83
9.6
10.06
10.06
10.29
10.4
10.29
9.49
9.49
9.49
9.6
9.49
9.37
9.6
9.83
9.72
9.83
9.95
9.95
9.83
9.95
9.95
10.06
9.95
10.06
10.06
9.95
10.86
11.2
12.12
12.12
12.12
12
11.55
11.55
11.66
11.89
12.23
12.46
12.92
12.8
12.69
12.92
13.15
13.15
13.37
13.37
13.26
13.15
12.92
12.69
12.69
13.37
13.03
13.03
13.03
13.03
13.03
12.92
13.03
12.92
12.92
12.69
12.57
12.69
12.57
12.35
12.23
12.46
12.57
12.8
12.92
12.92
13.03
13.15
13.03
13.15
13.03
13.03
13.03
13.37
13.37
13.26
13.37
13.37
13.37
13.49
13.6
13.72
13.6
13.6
13.49
13.49
13.49
13.26
13.49
13.83
13.95
14.17
13.6
12.8
12.8
12.92
13.26
13.6
13.72
13.83
14.06
13.95
13.83
13.72
13.49
13.37
13.6
13.83
13.95
13.95
13.26
13.37
13.03
12.92
13.03
12.8
12.8
12.69
12.92
12.46
12.92
12.92
12.92
12.8
12.69
12.57
12.23
11.89
11.66
11.66
12.12
12.23
12.35
12.12
12
12
11.89
12
12
12.46
11.89
12.12
12.12
12.12
12.57
12
12
12.12
11.89
12.23
12.46
12.35
12.35
12.35
12.35
12.12
12
12.23
12.46
12.8
12.35
12
11.89
11.77
11.32
11.32
11.2
10.97
10.97
10.86
10.63
10.86
10.75
10.29
10.52
10.06
9.95
9.72
9.72
9.72
9.72
9.6
9.6
9.72
9.72
8.92
8.8
8.46
8
7.77
7.43
7.43
7.43
7.43
7.32
7.43
6.29
6.17
5.94
6.06
6.29
6.4
5.94
5.83
5.83
5.72
5.49
5.6
5.49
5.6
5.83
5.94
5.94
5.94
6.06
5.94
5.94
6.17
6.29
6.52
6.4
6.17
5.6
5.49
5.14
5.37
5.14
4.92
4.57
4
4
3.43
3.32
2.97
2.86
2.51
2.4
2.63
2.63
2.51
2.29
2.51
2.17
1.6
0.91
0.57
0.69
0.57
0.34
0.46
0.57
0.34
-0.11
-0.57
-0.91
-0.91
-0.69
-0.69
-0.34
0
0.23
0.11
0.34
0.11
-0.23
-0.69
-0.46
-0.23
-0.46
0.57
0.57
0.57
0.57
0.46
0.8
1.03
1.37
1.26
1.37
1.49
1.49
1.49
1.6
1.71
2.06
2.17
2.29
2.51
3.09
3.32
2.29
2.4
2.51
2.86
3.32
3.09
2.97
2.97
2.86
3.09
3.09
2.86
2.63
2.63
2.74
3.32
3.32
3.32
3.66
3.77
4.23
4.46
4.34
4.8
4.57
4.8
4.8
4.8
4.69
4.92
4.92
5.14
5.49
5.26
5.37
5.6
5.72
5.83
5.72
5.6
5.6
5.6
5.49
5.49
5.83
5.83
5.83
5.94
5.72
5.6
5.72
5.94
5.94
6.17
6.06
6.17
6.17
6.17
6.17
5.94
6.06
6.06
5.94
5.72
5.72
5.83
5.72
5.94
5.83
5.72
5.83
5.94
6.06
6.17
6.29
6.4
6.29
6.17
6.06
5.83
5.6
5.72
5.72
5.94
5.94
6.17
6.06
6.17
6.17
6.4
6.52
6.4
6.52
6.52
6.52
6.86
6.86
6.86
7.09
7.09
7.2
7.32
7.43
7.43
7.66
7.77
7.54
7.32
7.2
7.2
7.2
7.32
7.43
7.43
7.32
7.09
7.43
7.32
7.32
7.43
7.2
6.97
6.86
6.74
6.86
7.09
7.32
7.2
7.09
6.97
6.74
6.63
6.63
6.4
6.63
6.86
6.86
6.74
6.63
6.63
6.63
6.63
7.2
7.09
7.32
7.43
6.97
7.09
6.74
6.74
6.97
7.09
6.97
6.63
6.52
6.4
6.29
6.29
6.17
6.06
6.17
6.29
6.52
6.4
6.52
6.29
6.06
5.94
5.49
5.26
5.26
5.14
5.26
5.03
5.14
5.03
5.03
4.8
4.69
4.69
4.57
4.8
4.8
4.8
4.8
4.92
4.57
4.46
4.34
4.23
4.69
4.57
4.46
4.34
4.46
4.46
4.46
4.23
4.23
4.34
4.23
4.46
4.8
5.03
4.92
5.14
5.03
5.03
5.26
5.49
5.37
5.26
5.26
5.37
5.26
5.14
5.03
5.14
5.14
5.14
5.14
5.14
5.14
5.14
5.14
5.14
5.14
5.14
4.92
5.03
5.26
5.26
5.26
5.49
5.6
5.72
5.83
5.72
6.52
6.52
7.2
7.09
7.66
8.23
9.14
9.14
9.03
9.14
8.8
8.57
8.8
8.92
8.8
8.8
8.8
8.92
8.92
8.92
9.14
9.37
9.37
9.26
9.26
8.92
9.14
9.14
8.12
6.4
5.49
5.6
4.8
4.69
4
3.66
3.77
4.12
4.23
3.77
3.77
3.54
3.54
3.54
3.43
3.66
3.66
3.66
3.77
3.89
3.89
3.77
3.54
3.77
3.77
3.77
3.66
3.54
3.43
3.43
3.43
3.54
3.43
3.32
3.43
3.43
3.32
3.32
3.2
3.09
3.43
3.2
3.32
3.32
3.2
3.32
3.2
3.09
3.09
3.32
3.2
3.32
2.97
3.32
2.97
2.86
2.86
2.97
3.2
2.63
2.51
2.4
2.63
2.51
2.86
2.97
3.2
3.32
3.09
3.09
2.86
2.74
2.63
2.63
2.74
2.74
2.74
2.74
3.09
3.32
3.66
3.66
3.43
3.54
3.32
3.43
3.43
3.43
3.09
3.09
2.97
2.97
2.86
2.97
2.86
2.86
3.32
2.86
2.97
2.97
2.74
2.29
1.94
1.94
1.6
1.6
2.06
1.49
1.26
1.03
1.14
1.14
0.8
0.8
0.8
0.91
1.14
1.26
1.14
1.37
1.26
1.83
2.06
1.94
2.06
1.83
1.71
1.71
1.94
2.17
1.83
1.6
1.03
0.91
0.91
0.8
1.03
1.14
1.37
1.37
1.26
1.49
1.71
2.17
2.51
2.29
2.29
2.4
2.51
2.74
2.63
3.43
3.54
3.54
3.77
3.54
3.89
3.89
3.54
3.66
3.77
3.89
3.66
3.77
3.89
3.89
3.89
3.89
3.89
4.23
3.77
3.66
3.54
3.54
3.66
3.66
3.77
3.54
3.66
3.66
4.12
3.89
4.12
3.77
3.54
3.66
3.43
3.66
3.66
3.77
3.54
3.32
3.66
3.54
3.66
3.43
3.32
3.32
3.32
3.54
3.54
4.12
4.34
4.46
4.34
4.57
4.57
4.69
4.69
4.69
4.69
5.03
4.69
4.34
4.12
4.12
4.12
4.23
4.23
4
3.66
3.77
3.77
3.43
3.32
3.09
2.97
2.86
2.86
2.97
2.86
2.63
2.74
2.29
1.94
1.71
1.71
2.17
2.17
2.06
1.49
1.49
1.49
1.26
1.37
1.03
1.37
1.14
0.91
1.14
1.03
0.91
0.8
1.03
0.8
0.91
0.57
0.69
0.8
1.03
1.14
1.26
1.83
2.4
2.4
2.51
2.63
2.97
2.97
2.97
2.97
3.32
3.43
4.23
4.23
3.66
4.23
4.57
4.69
4.92
5.03
4.92
5.03
4.92
4.69
4.57
4.46
4.23
4.23
4.23
4.46
4.46
4.23
4.23
4.23
4.34
4
4.23
4.69
5.03
4.92
4.8
5.03
5.14
5.26
5.14
5.37
5.6
5.49
5.37
5.37
5.6
5.94
5.94
5.94
6.06
6.29
5.94
6.17
6.29
6.29
6.17
5.94
5.94
5.72
5.72
5.6
5.72
5.49
5.6
5.49
5.37
5.6
5.37
5.37
5.37
5.37
5.26
5.37
5.03
5.03
4.8
4.34
4.34
4.12
4.23
4.23
4.8
4.69
4.57
4.69
4.57
4.57
4.57
4.57
4.46
4.12
4.12
4
4
3.89
4.12
4
3.77
3.77
3.54
3.66
3.32
3.2
3.09
3.09
2.97
3.09
3.09
2.97
2.86
2.97
2.86
3.2
2.97
2.74
2.51
2.97
2.63
1.94
2.29
1.94
1.83
1.94
1.94
1.49
1.71
1.83
1.83
2.17
2.74
2.97
3.09
3.43
3.66
3.66
3.32
2.63
2.74
3.09
2.97
2.97
2.86
3.2
3.09
3.32
3.66
3.89
4.23
4
4.23
4.57
4.69
4.57
4.46
4.57
4.57
4.69
5.03
5.49
5.49
4.8
4
3.43
3.32
3.43
3.2
2.74
2.51
3.32
3.43
4.23
4.69
4
3.77
3.89
4.12
4.23
4.34
4.34
4.8
5.03
5.03
5.03
5.14
5.49
5.14
5.14
5.03
4.92
4.8
4.8
4.46
4.46
4.92
5.03
5.37
5.49
5.72
6.4
6.74
6.63
6.74
6.29
5.72
5.6
5.6
5.6
5.94
5.6
5.49
5.83
6.06
6.06
6.4
6.4
6.63
7.43
7.89
7.89
8.23
8.34
8.57
8.57
8.23
8.34
8.23
8.12
8
7.89
7.66
7.66
7.54
7.43
6.97
6.97
6.86
6.86
7.2
7.43
7.09
6.74
6.86
7.2
7.54
7.54
7.77
7.89
7.77
7.43
7.54
8
8.46
8.57
9.03
9.14
8.92
8.8
9.03
8.92
9.26
8.69
8.69
8.57
8.46
8.34
8.57
8.69
9.14
9.6
9.37
9.26
9.03
8.92
9.26
9.26
9.26
9.14
9.14
8.8
7.54
7.09
7.32
7.2
7.77
7.43
7.54
7.32
7.09
6.97
7.09
7.43
7.32
7.2
6.97
7.09
7.32
7.2
6.86
6.86
7.2
6.86
6.86
7.2
7.2
7.2
7.77
7.32
7.43
7.43
7.66
8
7.77
7.77
7.54
6.86
6.74
6.97
6.97
6.74
6.29
6.06
6.17
6.06
5.94
6.06
5.94
6.17
6.17
6.17
6.06
6.06
6.29
6.06
6.29
6.06
5.94
5.94
6.06
5.94
5.83
6.06
6.06
5.94
5.94
6.17
6.06
5.94
6.06
6.17
6.29
6.63
6.97
6.86
6.74
6.4
6.4
6.52
6.4
6.4
6.52
6.52
6.29
6.29
6.29
6.86
6.97
6.97
6.97
7.09
6.86
7.09
7.32
7.43
7.43
7.32
7.43
7.43
7.54
7.77
7.89
7.89
7.89
8
8
8.23
8.23
8.23
8.23
8.23
8
8.34
8.12
8.12
8
7.54
7.54
7.32
6.74
6.74
6.63
6.63
6.63
6.74
6.97
6.74
6.63
6.74
6.86
6.97
7.2
7.43
7.43
7.43
7.43
7.66
7.43
7.2
7.2
7.43
7.54
7.54
7.32
7.43
7.43
7.32
7.43
7.66
7.77
7.89
7.89
7.77
7.89
8.12
8
7.77
8.23
7.77
7.77
7.66
7.66
7.66
7.43
7.66
7.54
7.32
7.32
7.32
7.43
7.54
7.66
7.54
7.43
7.66
8.12
8
8.12
8.23
7.89
6.97
7.32
7.66
7.66
7.66
8.12
8.34
8.57
8.92
8.92
8.92
8.57
8.12
7.89
7.54
7.66